DM     0     1
DM     0     2
DM     0     3
DM     0     4
DM     0     5
DM     0     6
DM     0     7
DM     0     8
DM     0     9
DM     0    10
DM     0    11
DM     0    12
DM     0    13
DM     0    14
DM     0    15
DM     0    16
DM     0    17
DM     0    18
DM     0    19
DM     0    20
DM     0    21
DM     0    22
DM     0    23
DM     0    24
DM     0    25
DM     0    26
DM     0    27
DM     0    28
DM     0    29
DM     0    30
DM     0    31
DM     0    32
DM     0    33
DM     0    34
DM     0    35
DM     0    36
DM     0    37
DM     0    38
DM     0    39
DM     0    40
DM     0    41
DM     0    42
DM     0    43
DM     0    44
DM     0    45
DM     0    46
DM     0    47
DM     0    48
DM     0    49
DM     0    50
DM     0    51
DM     0    52
DM     0    53
DM     0    54
DM     0    55
DM     0    56
DM     0    57
DM     0    58
DM     0    59
DM     0    60
DM     0    61
DM     0    62
DM     0    63
DM     0    64
DM     0    65
DM     0    66
DM     0    67
DM     0    68
DM     0    69
DM     0    70
DM     0    71
DM     0    72
DM     0    73
DM     0    74
DM     0    75
DM     0    76
DM     0    77
DM     0    78
DM     0    79
DM     0    80
DM     0    81
DM     0    82
DM     0    83
DM     0    84
DM     0    85
DM     0    86
DM     0    87
DM     0    88
DM     0    89
DM     0    90
DM     0    91
DM     0    92
DM     0    93
DM     0    94
DM     0    95
DM     0    96
DM     0    97
DM     0    98
DM     0    99
DM     0   100
DM     1    25
DM     1    26
DM     1    27
DM     1    28
DM     1    29
DM     1    30
DM     1    31
DM     1    32
DM     1    33
DM     1    34
DM     1    35
DM     1    36
DM     1    37
DM     1    38
DM     1    39
DM     1    40
DM     2    55
DM     2    56
DM     2    57
DM     2    63
DM     2    64
DM     2    65
TR     1     1 -1
TR     2     1  0
TR     3     0  0
TR     4     2  1
TR     5     0  0
TR     6     0  0
TR     7     2  0
TR     8     0  0
TR     9     0  0
CI     2     3 F E    36
CI     1     2 F E     0
CI     7     8 F I     0
CI     3     4 P E     0
CI     2     7 P E     0
CI     6     7 P I     0
CE     1     3    46    44    42    42    40    40    35    35    35    30    20
CD     1     3    39    37    35    35    33    33    28    28    28    23    13
CE     1     9    30    29    28    27    26    25    24    23    22    21    20
CD     1     9    29    28    27    26    25    24    23    22    21    20    19
CE     2     4    33    32    30    30    29    28    27    22    17    12     7
CD     2     4    29    28    27    27    27    26    25    20    15    10     5
CE     2     5    80    78    76    74    74    72    70    45    40    35    30
CD     2     5    75    73    71    69    69    67    65    40    35    30    25
CE     2     6    55    53    50    45    40    40    40    35    30    25    20
CD     2     6    50    48    45    40    36    36    36    30    25    20    15
CE     3     5    20    20    20    20    20    20    20    20    20    20    20
CD     3     5    19    19    19    19    19    19    19    19    19    19    19
CE     3     6    50    48    46    44    42    40    38    36    34    32    30
CD     3     6    50    48    46    44    42    40    38    36    34    32    30
CE     4     5    30    27    26    25    22    21    19    16    15    13    10
CD     4     5    29    25    25    23    21    19    18    14    14    11     9
CE     4     7    15    14    12     9     5     0     0     0     0     0     0
CD     4     7    10     9     7     4     0     0     0     0     0     0     0
CE     5     6    55    48    45    43    43    41    41    41    40    40    40
CD     5     6    50    47    43    42    42    41    40    39    39    39    35
CE     5     9    30    30    30    27    27    27    23    23    23    20    20
CD     5     9    25    25    25    22    22    22    20    20    20    15    15
CE     6     8    50    48    44    42    38    36    32    30    26    24    20
CD     6     8    47    45    41    39    35    33    29    27    23    21    17
CE     6     9    13    13    13    13    13    13    13     5     5     5     0
CD     6     9    10    10    10    10    10    10    10     1     1     1     0
CE     8     9    20    19    17    15    14    12    11     9     8     6     5
CD     8     9    15    14    12    11     9     8     6     5     3     2     0
